0000001111000000;960
0000001111000000;960
0000001111000000;960
0000001111000000;960
0000001111000000;960
0000001111000000;960
0000001111000000;960
0000001111000000;960
0000001111000000;960
0000001111000000;960
0000001111000000;960
0000001111000000;960
0000001111000000;960
0000001111000000;960
0000001111000000;960
0000001111000000;960

0001111001111000;7800
0001111001111000;7800
0001111001111000;7800
0001111001111000;7800
0001111001111000;7800
0001111001111000;7800
0001111001111000;7800
0001111001111000;7800
0001111001111000;7800
0001111001111000;7800
0001111001111000;7800
0001111001111000;7800
0001111001111000;7800
0001111001111000;7800
0001111001111000;7800
0001111001111000;7800
0001111001111000;7800

1111001111001111;62415
1111001111001111;62415
1111001111001111;62415
1111001111001111;62415
1111001111001111;62415
1111001111001111;62415
1111001111001111;62415
1111001111001111;62415
1111001111001111;62415
1111001111001111;62415
1111001111001111;62415
1111001111001111;62415
1111001111001111;62415
1111001111001111;62415
1111001111001111;62415
1111001111001111;62415
1111001111001111;62415

1110000011100111;57575
1110000011100111;57575
1110000011100111;57575
1110000011100111;57575
1110000011100111;57575
0111000111000111;29127
0111000111000111;29127
0111000111000111;29127
0111000111000111;29127
0111000111000111;29127
0111000111000111;29127
0011101110000111;15239
0011101110000111;15239
0011101110000111;15239
0001111100000111;7943
0001111100000111;7943

1110000000000111;57351
1110000000000111;57351
1110000000000111;57351
1110000000000111;57351
0111000000001110;28686
0111000000001110;28686
0111000000001110;28686
0111000000001110;28686
0011100000011100;14364
0011100000011100;14364
0011100000011100;14364
0011100000011100;14364
0001110000111000;7224
0001110000111000;7224
0000111001110000;3696
0000001111000000;960